[[2.4222195175031644, -0.19859351616694698, 0.18521144779464038, 2.943088932398451, 3.156114315524921, -2.360604790964408]
[-0.052229705973308144, -1.411032958982835, 1.986743089206324, 0.007381093730816968, -2.873135246859704, -3.9925335801342325]
[-2.3927155639911972, -0.33277477410117606, -0.3241345948633043, -1.5031570250609854, -4.478557563816942, -1.370520383423598]
[1.4573013535222952, -0.5815468851680152, -1.8651986600371737, 2.0131248498346266, 3.4356202462140777, -2.887754643070277],
[-1.0696150054490028, -1.9316619154262855, -1.0322286765252089, 4.679497529280523, 1.4275088047387754, 0.5097121752935332],
[2.4222195175031644, -0.19859351616694698, 0.18521144779464038, 2.943088932398451, 3.156114315524921, -2.360604790964408],
[0.5031523051669056, 0.44151379611724795, -2.3436709200897567, 3.560970873426449, -3.2687124708447266, -0.9112026324283424],
[1.4573013535222952, -0.5815468851680152, -1.8651986600371737, 2.0131248498346266, 3.4356202462140777, -2.887754643070277],
[-0.33801034025149523, 2.3240020947458992, 0.6524211289732593, -2.6897270718655837, 4.112157979584656, -0.22541083736888545],
[2.2030046596346344, -0.9025548981142957, -0.5225468223508619, -4.321272564799269, -0.30437890789178224, 2.3300733715776984],
[-0.012151723509141954, 2.3088108476062175, -0.7811112991261986, 4.818190494435729, 0.8081509806294696, -0.5720291667638335],
[1.4573013535222952, -0.5815468851680152, -1.8651986600371737, 2.0131248498346266, 3.4356202462140777, -2.887754643070277],
[-0.33801034025149523, 2.3240020947458992, 0.6524211289732593, -2.6897270718655837, 4.112157979584656, -0.22541083736888545],
[2.2030046596346344, -0.9025548981142957, -0.5225468223508619, -4.321272564799269, -0.30437890789178224, 2.3300733715776984],
[-0.012151723509141954, 2.3088108476062175, -0.7811112991261986, 4.818190494435729, 0.8081509806294696, -0.5720291667638335],
[2.0032229608490995, -0.9717455926976934, -0.9918156725070322, 3.8906001837339175, 1.7291090322422913, -2.463472585749522],
[-0.33801034025149523, 2.3240020947458992, 0.6524211289732593, -2.6897270718655837, 4.112157979584656, -0.22541083736888545],
[2.2030046596346344, -0.9025548981142957, -0.5225468223508619, -4.321272564799269, -0.30437890789178224, 2.3300733715776984],
[-0.012151723509141954, 2.3088108476062175, -0.7811112991261986, 4.818190494435729, 0.8081509806294696, -0.5720291667638335],
[2.0032229608490995, -0.9717455926976934, -0.9918156725070322, 3.8906001837339175, 1.7291090322422913, -2.463472585749522],
[-2.1658552617513473, -0.6342274096478384, 0.9207152839105014, -1.5276949124943189, -3.0491545995952576, -3.544585941671857],
[1.3346799174493995, 0.9528834696907391, 1.8032006730196182, -3.964987228908786, -2.8980499278434975, -0.27471422625744935],
[2.232150543299756, 0.3703717348935752, -0.9062112259675047, 0.23254936299219175, 3.2969181200103246, 3.643012039440882],
[2.0032229608490995, -0.9717455926976934, -0.9918156725070322, 3.8906001837339175, 1.7291090322422913, -2.4634725857495281],
[-2.1658552617513473, -0.6342274096478384, 0.9207152839105014, -1.5276949124943189, -3.0491545995952576, -3.5445859416713306],
[1.3346799174493995, 0.9528834696907391, 1.8032006730196182, -3.964987228908786, -2.8980499278434975, -0.274714226257449556],
[2.232150543299756, 0.3703717348935752, -0.9062112259675047, 0.23254936299219175, 3.2969181200103246, 3.643012039440882],
[1.3257373096710277, 0.481324887510271, 1.987872479421266, -1.1004236890869268, -2.625988941092626, 4.011051583007536],
[-2.1658552617513473, -0.6342274096478384, 0.9207152839105014, -1.5276949124943189, -3.0491545995952576, -3.5445859416713306],
[1.3346799174493995, 0.9528834696907391, 1.8032006730196182, -3.964987228908786, -2.8980499278434975, -0.274714226257449556],
[2.232150543299756, 0.3703717348935752, -0.9062112259675047, 0.23254936299219175, 3.2969181200103246, 3.643012039440882],
[1.3257373096710277, 0.481324887510271, 1.987872479421266, -1.1004236890869268, -2.625988941092626, 4.011051583007536],
[-1.0957555580028147, -0.25967297260662303, -2.1616613426794173, 2.098746478331941, 3.6806571629653733, 2.498661858714115444],
[-2.260042833142631, 0.6413520632486892, -0.6494335834850853, 1.5814753586497552, -2.792416608493789, 3.727818422399806363],
[1.8469879276373935, -1.169300883824713, 1.0780821370746627, -3.217401962443749, 3.31851206965698, 1.6825835109722695],
[1.3257373096710277, 0.481324887510271, 1.987872479421266, -1.1004236890869268, -2.625988941092626, 4.011051583007536],
[-1.0957555580028147, -0.25967297260662303, -2.1616613426794173, 2.098746478331941, 3.6806571629653733, 2.498661858714115444],
[-2.260042833142631, 0.6413520632486892, -0.6494335834850853, 1.5814753586497552, -2.792416608493789, 3.727818422399806363],
[1.8469879276373935, -1.169300883824713, 1.0780821370746627, -3.217401962443749, 3.31851206965698, 1.6825835109722695],
[0.6627429416979873, 1.2107194188065775, 2.0089351254296792, -3.8211127661503026, -1.9590037816146382, 2.399309573142748606],
[-1.0957555580028147, -0.25967297260662303, -2.1616613426794173, 2.098746478331941, 3.6806571629653733, 2.498661858714115444],
[-2.260042833142631, 0.6413520632486892, -0.6494335834850853, 1.5814753586497552, -2.792416608493789, 3.727818422399806363],
[1.8469879276373935, -1.169300883824713, 1.0780821370746627, -3.217401962443749, 3.31851206965698, 1.6825835109722695],
[0.6627429416979873, 1.2107194188065775, 2.0089351254296792, -3.8211127661503026, -1.9590037816146382, 2.399309573142748606],
[1.1037963743302353, 0.3613928059263835, -2.142876305312811, 4.577919514787487, 1.7109981195927295, 0.5571565010567003],
[-1.7834989793579143, -0.4154883953811741, -1.608536863103813, 3.6424371334272534, -3.3004939478163022, 0.1862161251071440545],
[0.6267112167182358, -1.993086732284952, -1.255280201572637, 3.534938478515551, -2.1222829037096, -2.682426186407339],
[0.6627429416979873, 1.2107194188065775, 2.0089351254296792, -3.8211127661503026, -1.9590037816146382, 2.399309573142748606,
[1.1037963743302353, 0.3613928059263835, -2.142876305312811, 4.577919514787487, 1.7109981195927295, 0.5571565010567003],
[-1.7834989793579143, -0.4154883953811741, -1.608536863103813, 3.6424371334272534, -3.3004939478163022, 0.1862161251071440545],
[0.6267112167182358, -1.993086732284952, -1.255280201572637, 3.534938478515551, -2.1222829037096, -2.682426186407339],
[2.207786891481601, -0.5893566064679201, 0.848071865024202, 1.1432836349134854, -3.65384294286629, -3.0883036273651796],
[1.1037963743302353, 0.3613928059263835, -2.142876305312811, 4.577919514787487, 1.7109981195927295, 0.5571565010567003],
[-1.7834989793579143, -0.4154883953811741, -1.608536863103813, 3.6424371334272534, -3.3004939478163022, 0.1862161251071440545],
[0.6267112167182358, -1.993086732284952, -1.255280201572637, 3.534938478515551, -2.1222829037096, -2.682426186407339],
[2.207786891481601, -0.5893566064679201, 0.848071865024202, 1.1432836349134854, -3.65384294286629, -3.0883036273651796],
[-2.3827629786204856, 0.07278126936745954, 0.5079700095240787, 0.787053500990172, 4.062802219135796, -2.658847481627344],
[-1.0549556899438195, -2.1946831783676113, -0.10641567025772769, -2.0858433097210916, 1.0964431119201927, -4.31767937732993283],
[-2.4215571455700506, 0.2736821848270117, -0.04526707940592045, 1.7309328390112835, 4.584810335327335, -0.422694584422002384],
[2.207786891481601, -0.5893566064679201, 0.848071865024202, 1.1432836349134854, -3.65384294286629, -3.0883036273651796]]