-10135.579150108264
-10136.14778800097
-10136.30397469921
-10136.318331027824
-10135.984460007203
-10135.579150108264
-10136.255161304305
-10136.318331027824
-10131.632392754616
-10136.234035501504
-10132.513642262857
-10136.318331027824
-10131.632392754616
-10136.234035501504
-10132.513642262857
-10136.32594138081
-10131.632392754616
-10136.234035501504
-10132.513642262857
-10136.32594138081
-10136.29070923306
-10133.80811733556
-10135.67524656586
-10136.325941380
-10136.2907092
-10133.80811733
-10135.67524656586
-10132.572071528615
-10136.2907092
-10133.80811733
-10135.67524656586
-10132.572071528615
-10122.76461756
-10136.2376165294
-10136.103988447268
-10132.572071528615
-10122.76461756
-10136.2376165294
-10136.103988447268
-10134.843852143
-10122.76461756
-10136.2376165294
-10136.103988447268
-10134.843852143
-10135.777772441257
-10136.3226297
-10136.283553763647
-10134.843852143
-10135.777772441257
-10136.3226297
-10136.283553763647
-10135.70445597267
-10135.777772441257
-10136.3226297
-10136.283553763647
-10135.70445597267
-10136.31530138770
-10136.281788
-10134.8328856
-10135.70445597267